## Puzzle 1
1 2 | _ 4
3 4 | _ _
---------
2 1 | 4 3
4 _ | 2 1

Answer:
1 2 | 3 4
3 4 | 1 2
---------
2 1 | 4 3
4 3 | 2 1


## Puzzle 2
4 1 | 2 3
3 2 | _ _
---------
_ 4 | 3 2
2 3 | _ 1

Answer:
4 1 | 2 3
3 2 | 1 4
---------
1 4 | 3 2
2 3 | 4 1


## Puzzle 3
_ _ | 1 2
1 2 | 4 3
---------
2 1 | 3 4
3 4 | _ _

Answer:
4 3 | 1 2
1 2 | 4 3
---------
2 1 | 3 4
3 4 | 2 1


## Puzzle 4
3 2 | _ 1
_ 1 | 3 _
---------
1 4 | _ 3
2 3 | 1 4

Answer:
3 2 | 4 1
4 1 | 3 2
---------
1 4 | 2 3
2 3 | 1 4


## Puzzle 5
_ 4 | 1 2
1 2 | 3 4
---------
4 3 | _ 1
2 _ | _ 3

Answer:
3 4 | 1 2
1 2 | 3 4
---------
4 3 | 2 1
2 1 | 4 3


## Puzzle 6
_ 2 | 1 4
4 1 | 2 _
---------
2 3 | 4 _
1 4 | _ 2

Answer:
3 2 | 1 4
4 1 | 2 3
---------
2 3 | 4 1
1 4 | 3 2


## Puzzle 7
4 2 | 3 _
1 3 | 2 _
---------
3 _ | 4 _
2 4 | 1 3

Answer:
4 2 | 3 1
1 3 | 2 4
---------
3 1 | 4 2
2 4 | 1 3


## Puzzle 8
1 4 | 3 2
3 2 | 1 _
---------
2 _ | _ 1
_ 1 | 2 3

Answer:
1 4 | 3 2
3 2 | 1 4
---------
2 3 | 4 1
4 1 | 2 3


## Puzzle 9
4 _ | 1 2
2 1 | _ 4
---------
1 2 | 4 3
3 _ | _ 1

Answer:
4 3 | 1 2
2 1 | 3 4
---------
1 2 | 4 3
3 4 | 2 1


## Puzzle 10
_ 3 | 1 4
4 1 | 3 2
---------
1 _ | 2 _
_ 2 | 4 1

Answer:
2 3 | 1 4
4 1 | 3 2
---------
1 4 | 2 3
3 2 | 4 1
